MAE : 0.29193334835983875
RMSE : 1.1461644656755992
R2 : 0.9984046579743246
